R1 = -0.29788
R2 = -1.71212
Impossivel calcular
R1 = -0.02466
R2 = -19.68408
Impossivel calcular
