MEDIA = 6.43182
MEDIA = 8.84091
